reg-12-20-1049,1125,181,1306,546
reg-12-20-1153,1044,181,1225,357
reg-12-20-1201,960,181,1141,360
reg-12-20-1367,1023,181,1204,432
reg-12-20-1489,936,181,1117,327
reg-12-20-1543,1017,181,1198,399
reg-12-20-1621,1035,181,1216,417
reg-12-20-1787,1005,181,1186,378
reg-12-20-1889,1032,181,1213,378
reg-12-20-193,1086,181,1267,441
reg-12-20-1949,972,181,1153,399
reg-12-20-239,1017,181,1198,357
reg-12-20-367,1080,181,1261,408
reg-12-20-439,972,181,1153,312
reg-12-20-571,1014,181,1195,417
reg-12-20-661,1050,181,1231,420
reg-12-20-743,993,181,1174,426
reg-12-20-83,1059,181,1240,411
reg-12-20-881,978,181,1159,396
reg-12-20-967,1011,181,1192,405
reg-4-20-1049,359,101,460,144
reg-4-20-1153,413,101,514,162
reg-4-20-1201,368,101,469,159
reg-4-20-1367,362,101,463,141
reg-4-20-1489,404,101,505,165
reg-4-20-1543,341,101,442,159
reg-4-20-1621,380,101,481,171
reg-4-20-1787,374,101,475,159
reg-4-20-1889,428,101,529,192
reg-4-20-193,419,101,520,186
reg-4-20-1949,422,101,523,216
reg-4-20-239,362,101,463,135
reg-4-20-367,467,101,568,213
reg-4-20-439,407,101,508,186
reg-4-20-571,407,101,508,204
reg-4-20-661,383,101,484,162
reg-4-20-743,356,101,457,147
reg-4-20-83,437,101,538,189
reg-4-20-881,395,101,496,135
reg-4-20-967,401,101,502,186
reg-8-20-1049,667,141,808,261
reg-8-20-1153,766,141,907,321
reg-8-20-1201,742,141,883,297
reg-8-20-1367,754,141,895,339
reg-8-20-1489,724,141,865,255
reg-8-20-1543,739,141,880,303
reg-8-20-1621,676,141,817,279
reg-8-20-1787,679,141,820,273
reg-8-20-1889,652,141,793,240
reg-8-20-193,706,141,847,252
reg-8-20-1949,763,141,904,306
reg-8-20-239,757,141,898,285
reg-8-20-367,664,141,805,285
reg-8-20-439,721,141,862,321
reg-8-20-571,760,141,901,291
reg-8-20-661,748,141,889,297
reg-8-20-743,751,141,892,345
reg-8-20-83,778,141,919,324
reg-8-20-881,748,141,889,351
reg-8-20-967,748,141,889,315
