64 105 1
0 8 0.992211
8 16 0.970417
16 24 0.960369
24 32 0.987002
32 40 0.976463
40 48 0.986457
48 56 0.966513
1 9 0.975836
9 17 0.961897
17 25 0.977355
25 33 0.960053
33 41 0.978078
41 49 0.9875
49 57 0.963354
2 10 0.96266
10 18 0.978704
18 26 0.967358
26 34 0.976215
34 42 0.994848
42 50 0.97604
50 58 0.970108
3 11 0.972375
11 19 0.987963
19 27 0.972117
27 35 0.967989
35 43 0.960587
43 51 0.99814
51 59 0.975439
4 12 0.979655
12 20 0.967962
20 28 0.980602
28 36 0.972804
36 44 0.983096
44 52 0.972024
52 60 0.989311
5 13 0.96738
13 21 0.998879
21 29 0.961955
29 37 0.972477
37 45 0.995126
45 53 0.977577
53 61 0.983043
6 14 0.970942
14 22 0.986636
22 30 0.963381
30 38 0.977208
38 46 0.963222
46 54 0.98738
54 62 0.986456
7 15 0.996243
15 23 0.96803
23 31 0.974299
31 39 0.966233
39 47 0.999735
47 55 0.969176
55 63 0.967536
1 8 0.996432
2 9 0.990995
3 10 0.98279
4 11 0.976682
5 12 0.981764
6 13 0.960958
7 14 0.963609
8 17 0.972624
9 18 0.961258
10 19 0.992919
11 20 0.961157
12 21 0.987112
13 22 0.988177
14 23 0.999478
17 24 0.969741
18 25 0.96733
19 26 0.969004
20 27 0.968496
21 28 0.992272
22 29 0.962561
23 30 0.996425
24 33 0.988794
25 34 0.960487
26 35 0.998677
27 36 0.993946
28 37 0.962715
29 38 0.962787
30 39 0.969209
33 40 0.997682
34 41 0.970276
35 42 0.994792
36 43 0.996198
37 44 0.990575
38 45 0.962752
39 46 0.971675
40 49 0.976679
41 50 0.968021
42 51 0.965778
43 52 0.966786
44 53 0.973254
45 54 0.978578
46 55 0.993972
49 56 0.961024
50 57 0.994905
51 58 0.990421
52 59 0.971521
53 60 0.975122
54 61 0.970879
55 62 0.977538
