er-20-0-3-1049,581,119,700,216,0.00016731687659997664
er-20-0-3-1153,472,111,583,153,0.0008716422778615822
er-20-0-3-1201,489,118,607,207,0.0007636142083855193
er-20-0-3-1367,547,114,661,249,0.00038356155305233584
er-20-0-3-1489,554,119,673,219,0.00029863712430422374
er-20-0-3-1543,533,119,652,231,0.00044277804437403923
er-20-0-3-1621,585,118,703,204,0.0001874242520421444
er-20-0-1-1049,212,77,289,114,0.04222264209974704
er-20-0-1-1153,170,74,244,66,0.08247912528485035
er-20-0-1-1201,137,77,214,75,0.14890756539768196
er-20-0-1-1367,198,79,277,87,0.0626840258801832
er-20-0-1-1489,204,79,283,108,0.048469385813634316
er-20-0-1-1543,264,85,349,108,0.02262518178470666
er-20-0-1-1621,218,80,298,108,0.050891383887702445
er-20-0-1-1049,212,77,289,114,0.04222264209974704
er-20-0-1-1153,170,74,244,66,0.08247912528485035
er-20-0-1-1201,137,77,214,75,0.14890756539768196
er-20-0-1-1367,198,79,277,87,0.0626840258801832
er-20-0-1-1489,204,79,283,108,0.048469385813634316
er-20-0-1-1543,264,85,349,108,0.02262518178470666
er-20-0-1-1621,218,80,298,108,0.050891383887702445
er-20-0-1-1787,197,83,280,93,0.07260482564925942
er-20-0-1-1889,195,79,274,81,0.06386681036051202
er-20-0-1-193,128,71,199,96,0.173444733067798
er-20-0-1-1949,324,88,412,195,0.008454163768624156
er-20-0-1-239,189,76,265,99,0.05835067496106356
er-20-0-1-367,259,84,343,150,0.022074181063162935
er-20-0-1-439,150,79,229,75,0.11813269432065378
er-20-0-1-571,164,77,241,120,0.08515211209684946
er-20-0-1-661,202,75,277,99,0.05320544455873498
er-20-0-1-743,291,85,376,135,0.01815662312040224
er-20-0-1-83,199,78,277,96,0.04851716945389363
er-20-0-1-881,279,88,367,162,0.019091294413138865
er-20-0-1-967,268,84,352,147,0.020768979470819526
er-20-0-3-1049,581,119,700,216,0.00016731687659997664
er-20-0-3-1153,472,111,583,153,0.0008716422778615822
er-20-0-3-1201,489,118,607,207,0.0007636142083855193
er-20-0-3-1367,547,114,661,249,0.00038356155305233584
er-20-0-3-1489,554,119,673,219,0.00029863712430422374
er-20-0-3-1543,533,119,652,231,0.00044277804437403923
er-20-0-3-1621,585,118,703,204,0.0001874242520421444
er-20-0-3-1787,515,113,628,228,0.0006188626545976596
er-20-0-3-1889,547,117,664,252,0.0002825456004176463
er-20-0-3-193,425,113,538,174,0.0024588425774147503
er-20-0-3-1949,578,128,706,264,0.00019048615216755047
er-20-0-3-239,533,113,646,249,0.00044876180830239837
er-20-0-3-367,555,121,676,243,0.0004984268521518552
er-20-0-3-439,495,112,607,243,0.0009204462665897736
er-20-0-3-571,537,115,652,216,0.00038749617015010514
er-20-0-3-661,537,118,655,183,0.00039418329457271604
er-20-0-3-743,625,123,748,285,0.00010296447796327674
er-20-0-3-83,568,114,682,258,0.0002538606735423358
er-20-0-3-881,538,120,658,222,0.00037611808053704426
er-20-0-3-967,707,125,832,300,4.4217467619946576e-05
er-20-0-5-1049,893,161,1054,345,2.2699059644388826e-06
er-20-0-5-1153,824,152,976,309,7.562238298680922e-06
er-20-0-5-1201,806,152,958,336,1.3997950135655122e-05
er-20-0-5-1367,804,148,952,357,8.810864326206315e-06
er-20-0-5-1489,874,150,1024,384,3.030393087443202e-06
er-20-0-5-1543,991,168,1159,390,6.358260946727821e-07
er-20-0-5-1621,868,153,1021,336,3.1003358054873654e-06
er-20-0-5-1787,852,151,1003,291,4.287850054166899e-06
er-20-0-5-1889,840,154,994,297,8.075381811573438e-06
er-20-0-5-193,750,145,895,306,1.5649387028235583e-05
er-20-0-5-1949,855,166,1021,285,4.198770537341179e-06
er-20-0-5-239,845,152,997,312,3.2121667392490854e-06
er-20-0-5-367,778,156,934,282,1.5344586972814562e-05
er-20-0-5-439,796,153,949,339,1.0926823576086377e-05
er-20-0-5-571,800,152,952,309,6.370171260950053e-06
er-20-0-5-661,805,156,961,291,9.337167939113952e-06
er-20-0-5-743,903,166,1069,348,2.1179565126370506e-06
er-20-0-5-83,792,151,943,354,9.675048651105667e-06
er-20-0-5-881,922,159,1081,411,1.8603238355509852e-06
er-20-0-5-967,843,154,997,399,4.6722494720479995e-06
er-20-0-1-1049,203,77,280,48,0.05379014950322327
er-20-0-1-1153,152,74,226,42,0.08895366227086722
er-20-0-1-1201,137,77,214,42,0.1464614496057575
er-20-0-1-1367,289,79,368,99,0.018263750890623983
er-20-0-1-1489,192,79,271,63,0.06459724869884262
er-20-0-1-1543,265,85,350,85,0.0203927480645708
er-20-0-1-1621,182,80,262,54,0.07348818368655957
er-20-0-1-1787,185,83,268,60,0.07623937174202
er-20-0-1-1889,189,79,268,67,0.06632964666536226
er-20-0-1-193,101,71,172,36,0.2395850150843345
er-20-0-1-1949,394,88,482,120,0.0038855085376620726
er-20-0-1-239,174,76,250,45,0.07326158485087027
er-20-0-1-367,223,84,307,60,0.03653804395166076
er-20-0-1-439,169,79,248,67,0.08890800701703341
er-20-0-1-571,167,77,244,57,0.07352776799430874
reg-12-20-1049,871,181,1052,226,2.638645521381266e-06
reg-12-20-1153,947,181,1128,239,7.947547820568701e-07
reg-12-20-1201,1066,181,1247,252,1.0625064391222576e-07
er-20-0-1-1049,203,77,280,48,0.05379014950322327,16.77921199798584
er-20-0-1-1153,152,74,226,42,0.08895366227086722,3.350388765335083
er-20-0-1-1201,137,77,214,42,0.1464614496057575,3.1296985149383545
er-20-0-1-1367,289,79,368,99,0.018263750890623983,4.259265422821045
er-20-0-1-1489,192,79,271,63,0.06459724869884262,3.59287691116333
er-20-0-1-1543,265,85,350,85,0.0203927480645708,4.404568195343018
er-20-0-1-1621,182,80,262,54,0.07348818368655957,3.611403226852417
er-20-0-1-1787,185,83,268,60,0.07623937174202,4.018713474273682
er-20-0-1-1889,189,79,268,67,0.06632964666536226,4.135875225067139
er-20-0-1-193,101,71,172,36,0.2395850150843345,2.7738354206085205
er-20-0-1-1949,394,88,482,120,0.0038855085376620726,5.5887451171875
er-20-0-1-239,174,76,250,45,0.07326158485087027,3.4287655353546143
er-20-0-1-367,223,84,307,60,0.03653804395166076,3.718526601791382
er-20-0-1-439,169,79,248,67,0.08890800701703341,4.257565021514893
er-20-0-1-571,167,77,244,57,0.07352776799430874,3.3310511112213135
er-20-0-1-661,181,75,256,54,0.08261015462151186,3.524700403213501
er-20-0-1-743,249,85,334,60,0.021210882540262058,4.216844081878662
er-20-0-1-83,209,78,287,57,0.03797871598782437,3.6455814838409424
er-20-0-1-881,267,88,355,72,0.020115787769145976,4.605740308761597
er-20-0-1-967,259,84,343,75,0.02506442274537017,4.015444278717041
er-20-0-3-1049,668,119,787,205,8.515625611859475e-05,9.298086881637573
er-20-0-3-1153,503,111,614,141,0.0006711905520569348,6.7636754512786865
er-20-0-3-1201,563,118,681,159,0.0002332694035271085,7.477131366729736
er-20-0-3-1367,525,114,639,166,0.0006061330435694376,7.727114200592041
er-20-0-3-1489,560,119,679,182,0.000360731432766102,9.039045810699463
er-20-0-3-1543,555,119,674,157,0.0002712010819234605,8.218688249588013
er-20-0-3-1621,553,118,671,142,0.00024197726698588345,7.177599906921387
er-20-0-3-1787,434,113,547,108,0.0017399942624868581,6.0837562084198
er-20-0-3-1889,528,117,645,128,0.0002845403389721008,7.161001443862915
er-20-0-3-193,492,113,605,148,0.0007206410394725367,8.911991596221924
er-20-0-3-1949,560,128,688,134,0.0002733257597674566,7.834829568862915
er-20-0-3-239,550,113,663,153,0.0003134521896163895,8.094791173934937
er-20-0-3-367,608,121,729,169,0.00015111152757043365,8.345028162002563
er-20-0-3-439,496,112,608,133,0.0007932375522378902,6.726830005645752
er-20-0-3-571,516,123,639,121,0.00042521617161887977,7.090324640274048
er-20-0-3-661,532,118,650,123,0.00034182850358941563,7.1535325050354
er-20-0-3-743,662,123,785,199,5.217284373697776e-05,9.110077619552612
er-20-0-3-83,506,114,620,117,0.0004929242619582406,6.755985975265503
er-20-0-3-881,550,120,670,139,0.00022819088007161036,8.083082675933838
er-20-0-3-967,597,125,722,161,0.0001631403894412876,7.82752537727356
er-20-0-5-1049,1017,161,1178,272,3.1164006382528296e-07,15.7569580078125
er-20-0-5-1153,716,152,868,172,3.371523738931641e-05,10.124009609222412
er-20-0-5-1201,925,152,1077,260,1.7006831313830723e-06,11.432196617126465
er-20-0-5-1367,809,148,957,201,6.292765911341662e-06,10.60465383529663
er-20-0-5-1489,840,150,990,278,4.869660187811392e-06,13.057188749313354
er-20-0-5-1543,1049,168,1217,268,2.445097305666882e-07,15.050923824310303
er-20-0-5-1621,865,153,1018,236,3.6611681384221896e-06,11.924821853637695
er-20-0-5-1787,795,151,946,222,1.223790557994017e-05,11.87662386894226
er-20-0-5-1889,886,154,1040,251,2.7290175502631413e-06,13.092756271362305
er-20-0-5-193,764,145,909,192,1.1296303698795333e-05,11.199559926986694
er-20-0-5-1949,979,166,1145,261,4.858765468853945e-07,13.985876560211182
er-20-0-5-239,791,152,943,221,8.791731840458947e-06,11.387892484664917
er-20-0-5-367,818,156,974,222,8.578040911542346e-06,12.222410678863525
er-20-0-5-439,787,153,940,197,9.227247438206086e-06,12.22315001487732
er-20-0-5-571,761,152,913,187,1.0970770530288322e-05,10.77942156791687
er-20-0-5-661,796,156,952,197,6.358596311930043e-06,12.830701112747192
er-20-0-5-743,867,166,1033,221,1.9366614678458193e-06,12.952848434448242
er-20-0-5-83,756,151,907,201,1.9092062657161004e-05,10.587990999221802
er-20-0-5-881,856,159,1015,218,2.6155728815079e-06,12.36319637298584
er-20-0-5-967,922,154,1076,251,1.841713561240321e-06,12.483128786087036
reg-12-20-1049,871,181,1052,226,2.638645521381266e-06,13.99335503578186
reg-12-20-1153,947,181,1128,239,7.947547820568701e-07,15.312023878097534
reg-12-20-1201,1066,181,1247,252,1.0625064391222576e-07,14.418442964553833
reg-12-20-1367,1109,181,1290,275,5.653129071703334e-08,15.765379428863525
reg-12-20-1489,1256,181,1437,335,8.239718757330993e-09,15.816650629043579
reg-12-20-1543,984,181,1165,270,3.6902441199081464e-07,13.181936264038086
reg-12-20-1621,1170,181,1351,314,3.1925881566679695e-08,15.700260639190674
reg-12-20-1787,1177,181,1358,299,2.1935403676691e-08,14.938826322555542
reg-12-20-1889,941,181,1122,237,9.94310684001469e-07,13.814050436019897
reg-12-20-193,1113,181,1294,292,8.66962417895802e-08,14.991609811782837
reg-12-20-1949,1072,181,1253,269,1.2576683467042035e-07,14.825395107269287
reg-12-20-239,1317,181,1498,354,3.902923592208499e-09,16.99824810028076
reg-12-20-367,1109,181,1290,277,1.0239497773666746e-07,14.787882328033447
reg-12-20-439,1025,181,1206,214,1.8428050936965942e-07,14.032840013504028
reg-12-20-571,946,181,1127,244,9.391124901218413e-07,14.487855911254883
reg-12-20-661,954,181,1135,227,9.534842749544914e-07,13.426450729370117
reg-12-20-743,918,181,1099,213,9.58914314708248e-07,13.09315276145935
reg-12-20-83,1130,181,1311,297,6.944071936226121e-08,12.96892786026001
reg-12-20-881,956,181,1137,250,4.6977763652631336e-07,13.264850616455078
reg-12-20-967,1089,181,1270,281,9.24504500441782e-08,15.101903438568115
reg-4-20-1049,421,101,522,100,0.0021126779354505376,6.044224500656128
reg-4-20-1153,384,101,485,102,0.0038308709957138405,6.022023677825928
reg-4-20-1201,390,101,491,98,0.0032333102043901815,6.85733699798584
reg-4-20-1367,430,101,531,112,0.001348221864071008,6.215252876281738
reg-4-20-1489,441,101,542,131,0.0014710714827907156,6.07860803604126
reg-4-20-1543,456,101,557,142,0.0011522046127454423,6.937226057052612
reg-4-20-1621,392,101,493,118,0.004696145318760225,5.9749932289123535
reg-4-20-1787,424,101,525,124,0.0017669580049679186,6.108597040176392
reg-4-20-1889,391,101,492,98,0.0027029611739265206,6.73537540435791
reg-4-20-193,414,101,515,113,0.002452746784603127,6.032495975494385
reg-4-20-1949,473,101,574,134,0.0011096750776692333,7.062377452850342
reg-4-20-239,396,101,497,133,0.002222304463747078,6.5282745361328125
reg-4-20-367,422,101,523,120,0.0025567194089057945,6.691329002380371
reg-4-20-439,485,101,586,128,0.0007461645624519084,6.711457252502441
reg-4-20-571,359,101,460,87,0.004976025570088075,6.441252708435059
reg-4-20-661,357,101,458,91,0.004363325725624792,5.6036412715911865
reg-4-20-743,453,101,554,145,0.001970329825613783,6.759791374206543
reg-4-20-83,410,101,511,118,0.002314014822599917,6.981987237930298
reg-4-20-881,371,101,472,78,0.0037438748941456134,5.162244081497192
reg-4-20-967,371,101,472,76,0.0037650351107027407,5.532550096511841
reg-8-20-1049,693,141,834,195,2.90728837920898e-05,10.111648559570312
reg-8-20-1153,811,141,952,214,6.6551404092661254e-06,10.542256355285645
reg-8-20-1201,843,141,984,206,4.004009756536189e-06,10.897563695907593
reg-8-20-1367,871,141,1012,217,2.680851819110483e-06,10.818661451339722
reg-8-20-1489,932,141,1073,279,1.255537052405203e-06,11.01597285270691
reg-8-20-1543,564,141,705,148,0.0002343759903165202,8.89361023902893
reg-8-20-1621,724,141,865,193,2.252905052336648e-05,9.68075966835022
reg-8-20-1787,793,141,934,223,7.478665434869911e-06,10.506662130355835
reg-8-20-1889,733,141,874,155,1.634660058200419e-05,10.517319917678833
reg-8-20-193,756,141,897,212,1.4203170691690862e-05,10.948819398880005
reg-8-20-1949,733,141,874,188,2.4130105244765503e-05,9.065718412399292
reg-8-20-239,800,141,941,206,5.439047132468968e-06,10.464607954025269
reg-8-20-367,749,141,890,176,1.2121169715332467e-05,11.492066621780396
reg-8-20-439,616,141,757,166,0.00013925194004143398,9.455800294876099
reg-8-20-571,831,141,972,201,4.80851815689692e-06,10.729464054107666
reg-8-20-661,898,141,1039,243,1.6260834305861079e-06,11.488157749176025
reg-8-20-743,718,141,859,193,2.042675434949483e-05,9.771687269210815
reg-8-20-83,749,141,890,160,1.5052172919300966e-05,9.873566150665283
reg-8-20-881,664,141,805,156,6.118222019081832e-05,9.47249722480774
reg-8-20-967,814,141,955,227,6.090889026296613e-06,9.585172891616821
